Grid 1:
[[153, 63, 130], [101, 36, 211], [188, 123, 134], [166, 41, 219], [18, 119, 92], [102, 165, 134], [91, 169, 6], [189, 111, 228], [8, 88, 164], [158, 71, 118], [246, 58, 103], [177, 188, 109]]
[[66, 203, 4], [45, 223, 153], [232, 185, 128], [48, 206, 70], [232, 192, 107], [189, 39, 218], [97, 37, 42], [162, 76, 89], [40, 140, 105], [237, 245, 159], [187, 75, 222], [17, 250, 155]]
[[151, 219, 43], [29, 247, 156], [250, 120, 205], [97, 5, 46], [27, 7, 209], [141, 213, 71], [105, 167, 5], [82, 18, 204], [105, 27, 15], [48, 10, 186], [233, 34, 187], [116, 11, 201]]
[[135, 69, 121], [27, 152, 149], [121, 183, 66], [43, 53, 84], [251, 224, 211], [128, 95, 142], [165, 167, 26], [12, 183, 199], [20, 7, 249], [203, 220, 30], [43, 82, 19], [54, 13, 76]]
[[223, 175, 169], [32, 233, 248], [144, 52, 17], [255, 66, 49], [219, 167, 226], [130, 25, 185], [32, 144, 41], [15, 129, 153], [214, 221, 73], [71, 23, 142], [229, 242, 57], [240, 80, 204]]
[[234, 245, 217], [234, 71, 142], [87, 37, 252], [215, 13, 30], [229, 74, 151], [30, 126, 127], [157, 119, 101], [87, 58, 39], [78, 162, 87], [241, 79, 1], [134, 9, 152], [40, 94, 118]]
[[36, 183, 94], [18, 1, 34], [224, 80, 185], [131, 50, 55], [59, 46, 194], [49, 164, 107], [50, 134, 246], [79, 251, 38], [99, 46, 165], [50, 84, 213], [153, 0, 87], [129, 243, 183]]
[[127, 86, 29], [244, 112, 21], [17, 233, 203], [8, 52, 67], [78, 65, 170], [209, 184, 18], [101, 151, 135], [146, 177, 150], [192, 38, 68], [24, 244, 206], [139, 37, 189], [116, 240, 39]]
[[210, 68, 57], [138, 90, 53], [226, 124, 154], [120, 14, 162], [0, 35, 42], [253, 182, 58], [117, 239, 216], [104, 74, 24], [191, 3, 7], [63, 236, 234], [239, 181, 0], [142, 171, 245]]
[[207, 158, 62], [201, 167, 64], [214, 158, 76], [2, 205, 159], [246, 191, 10], [94, 251, 15], [28, 37, 8], [123, 70, 209], [152, 110, 217], [19, 244, 49], [184, 13, 129], [246, 176, 119]]
[[98, 242, 135], [109, 65, 43], [229, 150, 22], [61, 8, 23], [34, 17, 32], [127, 148, 63], [242, 253, 179], [84, 248, 192], [89, 19, 50], [173, 2, 121], [149, 100, 119], [77, 197, 221]]
[[80, 248, 70], [46, 3, 52], [42, 183, 2], [34, 101, 167], [240, 131, 158], [110, 107, 184], [96, 19, 239], [59, 45, 170], [158, 55, 67], [189, 233, 42], [209, 155, 133], [162, 58, 21]]

Grid 2:
[[1, 199, 205], [141, 140, 152], [209, 21, 212], [224, 89, 204], [94, 199, 231], [152, 129, 169], [93, 13, 216], [230, 45, 150], [178, 110, 230], [132, 149, 52], [36, 239, 147], [149, 40, 89]]
[[226, 221, 175], [77, 130, 182], [97, 132, 56], [169, 183, 9], [158, 40, 24], [159, 223, 107], [20, 182, 75], [146, 251, 234], [242, 94, 33], [12, 141, 129], [218, 15, 78], [72, 111, 26]]
[[62, 82, 138], [137, 45, 127], [191, 227, 199], [117, 51, 53], [75, 232, 192], [146, 112, 122], [44, 207, 180], [136, 87, 85], [88, 55, 203], [103, 134, 10], [121, 87, 233], [161, 251, 148]]
[[77, 186, 43], [139, 87, 110], [98, 224, 221], [253, 4, 1], [48, 9, 196], [221, 78, 210], [208, 157, 72], [148, 0, 152], [63, 59, 205], [180, 68, 145], [73, 79, 45], [4, 166, 155]]
[[153, 98, 137], [208, 227, 66], [102, 118, 200], [105, 110, 85], [243, 69, 181], [213, 103, 9], [215, 34, 40], [220, 20, 13], [82, 0, 235], [240, 27, 115], [63, 235, 210], [166, 203, 253]]
[[149, 197, 53], [136, 228, 216], [11, 94, 199], [123, 244, 7], [188, 130, 31], [136, 15, 188], [175, 5, 145], [122, 94, 19], [33, 0, 180], [72, 50, 44], [254, 68, 206], [16, 159, 57]]
[[139, 46, 45], [22, 186, 181], [125, 181, 195], [206, 184, 166], [166, 121, 233], [122, 91, 20], [1, 177, 157], [104, 10, 106], [89, 247, 5], [178, 51, 157], [251, 99, 221], [242, 233, 91]]
[[42, 146, 189], [114, 59, 22], [101, 2, 251], [139, 178, 109], [168, 41, 161], [235, 78, 108], [89, 6, 50], [216, 95, 234], [126, 86, 173], [131, 6, 136], [206, 93, 159], [103, 109, 86]]
[[160, 51, 97], [223, 4, 86], [40, 127, 105], [236, 82, 27], [152, 191, 9], [167, 145, 243], [200, 1, 140], [202, 116, 41], [63, 89, 102], [61, 19, 99], [88, 157, 226], [77, 61, 116]]
[[230, 155, 77], [131, 77, 241], [40, 201, 94], [165, 111, 156], [187, 229, 128], [125, 241, 159], [215, 231, 99], [172, 224, 111], [38, 160, 190], [207, 30, 128], [198, 41, 208], [8, 15, 213]]
[[220, 241, 32], [105, 77, 219], [106, 78, 135], [18, 168, 253], [75, 30, 114], [79, 226, 50], [130, 59, 76], [227, 74, 100], [82, 167, 87], [156, 177, 124], [75, 82, 112], [155, 9, 167]]
[[219, 243, 43], [48, 193, 85], [217, 108, 250], [211, 86, 48], [73, 219, 120], [33, 189, 47], [110, 113, 35], [178, 16, 94], [216, 185, 179], [101, 246, 64], [97, 89, 24], [33, 216, 50]]

Grid 3:
[[175, 187, 184], [230, 215, 126], [14, 65, 197], [228, 16, 145], [210, 167, 112], [134, 120, 220], [255, 84, 56], [137, 183, 143], [253, 175, 121], [114, 140, 99], [160, 63, 54], [141, 185, 182]]
[[222, 102, 153], [46, 94, 52], [83, 44, 150], [89, 51, 192], [60, 119, 32], [221, 0, 5], [247, 163, 232], [119, 212, 147], [46, 214, 165], [133, 253, 23], [101, 54, 177], [27, 18, 90]]
[[117, 233, 100], [177, 0, 37], [25, 192, 181], [76, 103, 255], [166, 93, 103], [59, 226, 144], [200, 51, 207], [125, 211, 120], [84, 114, 239], [34, 242, 108], [5, 47, 61], [221, 144, 68]]
[[159, 98, 69], [218, 37, 56], [109, 21, 54], [115, 85, 186], [27, 85, 28], [98, 1, 9], [106, 72, 43], [129, 122, 221], [145, 185, 151], [237, 15, 94], [203, 204, 182], [163, 26, 36]]
[[7, 31, 215], [235, 153, 75], [192, 63, 61], [210, 237, 52], [30, 130, 234], [14, 244, 178], [169, 223, 221], [224, 242, 28], [32, 94, 200], [212, 251, 122], [226, 84, 154], [7, 79, 36]]
[[71, 215, 11], [233, 204, 111], [149, 25, 184], [20, 237, 202], [221, 80, 102], [245, 20, 77], [38, 59, 96], [235, 9, 247], [240, 150, 193], [189, 175, 36], [239, 13, 141], [119, 33, 31]]
[[89, 227, 119], [227, 247, 113], [130, 201, 233], [137, 47, 108], [199, 72, 13], [112, 83, 159], [172, 208, 74], [90, 177, 53], [88, 65, 75], [226, 73, 187], [176, 101, 196], [174, 70, 189]]
[[46, 41, 59], [221, 21, 223], [163, 137, 166], [201, 79, 3], [135, 58, 80], [188, 255, 122], [250, 168, 250], [216, 104, 89], [195, 62, 58], [26, 116, 29], [183, 113, 28], [101, 76, 9]]
[[118, 112, 31], [151, 162, 48], [58, 252, 48], [232, 167, 190], [57, 133, 229], [9, 145, 251], [58, 21, 194], [145, 46, 24], [112, 175, 48], [75, 225, 65], [243, 169, 76], [243, 118, 183]]
[[17, 215, 252], [133, 200, 6], [107, 151, 72], [65, 158, 193], [146, 213, 107], [164, 102, 245], [41, 229, 167], [1, 87, 172], [195, 127, 72], [239, 111, 190], [208, 136, 218], [162, 111, 148]]
[[83, 28, 196], [208, 25, 154], [183, 60, 253], [88, 53, 196], [92, 41, 86], [96, 68, 155], [72, 171, 104], [124, 56, 74], [110, 41, 128], [229, 238, 123], [217, 247, 186], [180, 143, 247]]
[[55, 88, 30], [184, 115, 203], [82, 112, 180], [223, 89, 113], [243, 235, 98], [226, 116, 25], [180, 98, 197], [214, 227, 103], [240, 118, 172], [233, 240, 233], [75, 182, 77], [29, 67, 181]]

Grid 4:
[[65, 160, 161], [93, 129, 111], [232, 95, 216], [117, 39, 134], [73, 33, 245], [148, 176, 18], [40, 105, 53], [186, 78, 103], [67, 106, 46], [221, 139, 172], [214, 99, 241], [216, 95, 115]]
[[37, 15, 154], [55, 245, 165], [123, 237, 0], [84, 136, 90], [10, 106, 44], [84, 12, 109], [238, 81, 100], [241, 156, 188], [83, 156, 108], [57, 141, 25], [222, 82, 14], [240, 217, 138]]
[[2, 149, 142], [119, 77, 143], [220, 120, 11], [10, 180, 194], [5, 28, 128], [57, 31, 120], [245, 92, 73], [202, 80, 97], [223, 62, 99], [55, 92, 241], [13, 43, 212], [249, 115, 93]]
[[33, 61, 188], [163, 63, 43], [236, 236, 82], [131, 147, 157], [247, 163, 113], [71, 177, 203], [236, 151, 204], [51, 124, 34], [229, 19, 8], [217, 216, 46], [16, 121, 99], [171, 119, 105]]
[[21, 63, 237], [249, 192, 243], [217, 83, 135], [197, 199, 9], [8, 18, 88], [71, 4, 160], [118, 194, 13], [24, 211, 193], [151, 237, 152], [58, 223, 50], [236, 22, 210], [5, 68, 183]]
[[224, 244, 72], [96, 5, 55], [112, 182, 221], [9, 126, 248], [168, 162, 239], [144, 164, 137], [158, 121, 45], [111, 80, 80], [99, 168, 95], [151, 174, 39], [96, 76, 66], [156, 130, 104]]
[[216, 13, 74], [193, 3, 53], [234, 25, 6], [213, 153, 83], [129, 40, 172], [182, 167, 207], [196, 60, 177], [41, 100, 125], [41, 183, 159], [8, 177, 168], [50, 216, 128], [211, 236, 66]]
[[253, 110, 166], [184, 205, 175], [205, 155, 252], [146, 37, 111], [58, 213, 16], [120, 135, 41], [111, 238, 109], [232, 146, 49], [241, 244, 118], [116, 44, 17], [36, 45, 130], [148, 238, 57]]
[[210, 50, 142], [73, 173, 192], [163, 96, 228], [11, 8, 45], [177, 148, 168], [179, 236, 75], [139, 205, 86], [37, 81, 89], [64, 220, 220], [87, 74, 6], [5, 145, 77], [174, 117, 138]]
[[115, 74, 11], [189, 190, 240], [12, 83, 171], [208, 166, 126], [21, 9, 105], [39, 78, 11], [183, 47, 124], [251, 59, 144], [198, 153, 14], [25, 113, 237], [210, 114, 45], [51, 185, 87]]
[[18, 255, 49], [146, 187, 207], [61, 128, 168], [237, 183, 178], [240, 183, 85], [248, 254, 112], [34, 84, 216], [18, 12, 224], [34, 161, 44], [255, 63, 85], [212, 55, 230], [201, 194, 66]]
[[160, 27, 51], [35, 22, 53], [65, 185, 66], [216, 111, 61], [145, 230, 68], [59, 70, 90], [190, 122, 182], [14, 164, 156], [69, 120, 180], [226, 206, 119], [125, 86, 76], [125, 176, 16]]

Grid 5:
[[9, 217, 241], [28, 7, 104], [165, 21, 4], [112, 192, 90], [244, 248, 94], [254, 196, 121], [48, 83, 183], [149, 94, 229], [230, 70, 195], [228, 42, 179], [237, 110, 34], [20, 20, 128]]
[[235, 149, 80], [2, 219, 92], [129, 145, 252], [70, 176, 161], [73, 177, 238], [118, 114, 98], [75, 168, 180], [102, 184, 164], [31, 216, 235], [85, 25, 153], [5, 243, 77], [194, 198, 195]]
[[192, 82, 179], [195, 151, 254], [125, 6, 50], [83, 229, 33], [124, 226, 237], [146, 219, 72], [212, 81, 26], [70, 105, 54], [214, 150, 48], [62, 254, 135], [30, 251, 219], [166, 164, 223]]
[[23, 151, 156], [179, 135, 65], [204, 205, 82], [147, 114, 117], [217, 137, 110], [55, 214, 51], [157, 40, 14], [36, 175, 194], [40, 16, 176], [15, 136, 84], [222, 8, 111], [170, 197, 234]]
[[168, 37, 201], [187, 196, 23], [146, 45, 200], [102, 213, 213], [203, 214, 202], [133, 10, 115], [160, 222, 7], [134, 195, 124], [252, 195, 81], [28, 141, 239], [145, 14, 195], [226, 115, 49]]
[[251, 48, 235], [77, 165, 23], [109, 167, 28], [235, 129, 220], [141, 68, 98], [145, 146, 13], [2, 12, 153], [95, 40, 102], [39, 99, 222], [101, 242, 189], [162, 44, 130], [152, 159, 231]]
[[156, 169, 181], [130, 212, 230], [198, 75, 100], [185, 130, 42], [30, 50, 30], [145, 171, 88], [44, 103, 95], [243, 251, 230], [104, 18, 8], [175, 49, 174], [119, 38, 128], [196, 143, 105]]
[[187, 126, 237], [70, 44, 22], [32, 208, 74], [208, 220, 134], [116, 98, 31], [183, 203, 194], [61, 201, 135], [56, 110, 243], [122, 130, 54], [107, 97, 72], [37, 237, 21], [190, 125, 40]]
[[48, 93, 222], [204, 170, 87], [244, 13, 49], [188, 65, 191], [134, 120, 205], [112, 206, 54], [112, 21, 80], [231, 110, 143], [230, 61, 36], [50, 69, 114], [196, 251, 85], [40, 134, 121]]
[[203, 14, 94], [65, 93, 141], [134, 122, 159], [213, 183, 231], [88, 209, 48], [94, 176, 12], [112, 189, 249], [194, 15, 128], [159, 90, 79], [123, 18, 34], [243, 168, 243], [200, 141, 159]]
[[23, 152, 81], [200, 197, 120], [31, 52, 248], [189, 192, 168], [18, 50, 246], [243, 135, 194], [26, 117, 134], [4, 191, 84], [133, 69, 147], [77, 229, 105], [132, 186, 147], [173, 112, 193]]
[[18, 35, 138], [248, 236, 233], [3, 119, 212], [120, 102, 172], [191, 114, 225], [26, 61, 132], [28, 85, 189], [222, 47, 173], [122, 129, 130], [253, 145, 198], [26, 212, 31], [75, 178, 227]]

